# ImageMagick pixel enumeration: 16,16,0,255,srgb
0,0: (0, 0, 255)
0,1: (0, 200, 0)
0,2: (0, 0, 255)
0,3: (0, 0, 255)
0,4: (0, 200, 0)
0,5: (0, 0, 255)
0,6: (0, 200, 0)
0,7: (0, 200, 0)
0,8: (0, 200, 0)
0,9: (219, 148, 88)
0,10: (0, 200, 0)
0,11: (0, 200, 0)
0,12: (235, 140, 52)
0,13: (200, 0, 0)
0,14: (0, 200, 0)
0,15: (0, 200, 0)
1,0: (0, 0, 255)
1,1: (0, 0, 255)
1,2: (0, 200, 0)
1,3: (0, 0, 255)
1,4: (0, 200, 0)
1,5: (0, 200, 0)
1,6: (0, 200, 0)
1,7: (0, 200, 0)
1,8: (0, 200, 0)
1,9: (0, 200, 0)
1,10: (0, 200, 0)
1,11: (200, 0, 0)
1,12: (0, 0, 255)
1,13: (0, 200, 0)
1,14: (235, 140, 52)
1,15: (0, 200, 0)
2,0: (235, 140, 52)
2,1: (0, 0, 255)
2,2: (0, 200, 0)
2,3: (0, 0, 255)
2,4: (219, 148, 88)
2,5: (219, 148, 88)
2,6: (235, 140, 52)
2,7: (235, 140, 52)
2,8: (0, 200, 0)
2,9: (219, 148, 88)
2,10: (0, 0, 255)
2,11: (0, 200, 0)
2,12: (0, 200, 0)
2,13: (0, 200, 0)
2,14: (235, 140, 52)
2,15: (0, 200, 0)
3,0: (219, 148, 88)
3,1: (0, 0, 255)
3,2: (0, 0, 255)
3,3: (0, 0, 255)
3,4: (0, 200, 0)
3,5: (0, 200, 0)
3,6: (0, 200, 0)
3,7: (200, 0, 0)
3,8: (200, 0, 0)
3,9: (0, 200, 0)
3,10: (0, 0, 255)
3,11: (0, 200, 0)
3,12: (0, 200, 0)
3,13: (0, 0, 255)
3,14: (0, 200, 0)
3,15: (0, 200, 0)
4,0: (0, 200, 0)
4,1: (219, 148, 88)
4,2: (0, 200, 0)
4,3: (219, 148, 88)
4,4: (0, 0, 255)
4,5: (219, 148, 88)
4,6: (235, 140, 52)
4,7: (235, 140, 52)
4,8: (0, 200, 0)
4,9: (0, 200, 0)
4,10: (200, 0, 0)
4,11: (219, 148, 88)
4,12: (0, 200, 0)
4,13: (0, 200, 0)
4,14: (0, 200, 0)
4,15: (0, 200, 0)
5,0: (0, 200, 0)
5,1: (219, 148, 88)
5,2: (0, 200, 0)
5,3: (0, 200, 0)
5,4: (0, 0, 255)
5,5: (0, 200, 0)
5,6: (235, 140, 52)
5,7: (219, 148, 88)
5,8: (0, 200, 0)
5,9: (0, 200, 0)
5,10: (0, 200, 0)
5,11: (0, 200, 0)
5,12: (0, 200, 0)
5,13: (0, 200, 0)
5,14: (0, 200, 0)
5,15: (0, 200, 0)
6,0: (235, 140, 52)
6,1: (0, 200, 0)
6,2: (0, 200, 0)
6,3: (200, 0, 0)
6,4: (0, 0, 255)
6,5: (235, 140, 52)
6,6: (0, 0, 255)
6,7: (0, 0, 255)
6,8: (0, 200, 0)
6,9: (0, 200, 0)
6,10: (0, 200, 0)
6,11: (0, 0, 255)
6,12: (200, 0, 0)
6,13: (0, 200, 0)
6,14: (0, 200, 0)
6,15: (0, 200, 0)
7,0: (219, 148, 88)
7,1: (0, 200, 0)
7,2: (0, 200, 0)
7,3: (0, 200, 0)
7,4: (0, 0, 255)
7,5: (0, 0, 255)
7,6: (0, 0, 255)
7,7: (0, 0, 255)
7,8: (235, 140, 52)
7,9: (0, 200, 0)
7,10: (0, 200, 0)
7,11: (0, 200, 0)
7,12: (235, 140, 52)
7,13: (0, 200, 0)
7,14: (235, 140, 52)
7,15: (219, 148, 88)
8,0: (0, 200, 0)
8,1: (219, 148, 88)
8,2: (0, 200, 0)
8,3: (200, 0, 0)
8,4: (0, 200, 0)
8,5: (0, 200, 0)
8,6: (0, 200, 0)
8,7: (0, 200, 0)
8,8: (0, 0, 255)
8,9: (0, 0, 255)
8,10: (0, 0, 255)
8,11: (0, 0, 255)
8,12: (0, 200, 0)
8,13: (0, 200, 0)
8,14: (0, 200, 0)
8,15: (0, 200, 0)
9,0: (219, 148, 88)
9,1: (219, 148, 88)
9,2: (0, 200, 0)
9,3: (0, 200, 0)
9,4: (0, 200, 0)
9,5: (0, 200, 0)
9,6: (0, 200, 0)
9,7: (200, 0, 0)
9,8: (0, 0, 255)
9,9: (0, 0, 255)
9,10: (0, 0, 255)
9,11: (0, 0, 255)
9,12: (0, 0, 255)
9,13: (0, 200, 0)
9,14: (0, 200, 0)
9,15: (0, 200, 0)
10,0: (235, 140, 52)
10,1: (0, 200, 0)
10,2: (0, 200, 0)
10,3: (0, 200, 0)
10,4: (0, 0, 255)
10,5: (0, 200, 0)
10,6: (0, 0, 255)
10,7: (219, 148, 88)
10,8: (219, 148, 88)
10,9: (0, 0, 255)
10,10: (0, 200, 0)
10,11: (0, 0, 255)
10,12: (235, 140, 52)
10,13: (0, 200, 0)
10,14: (0, 200, 0)
10,15: (0, 200, 0)
11,0: (0, 200, 0)
11,1: (0, 200, 0)
11,2: (0, 0, 255)
11,3: (0, 200, 0)
11,4: (0, 200, 0)
11,5: (0, 200, 0)
11,6: (0, 200, 0)
11,7: (219, 148, 88)
11,8: (200, 0, 0)
11,9: (235, 140, 52)
11,10: (0, 0, 255)
11,11: (0, 0, 255)
11,12: (0, 200, 0)
11,13: (219, 148, 88)
11,14: (200, 0, 0)
11,15: (0, 200, 0)
12,0: (0, 200, 0)
12,1: (0, 200, 0)
12,2: (0, 200, 0)
12,3: (235, 140, 52)
12,4: (200, 0, 0)
12,5: (0, 200, 0)
12,6: (0, 200, 0)
12,7: (0, 200, 0)
12,8: (0, 0, 255)
12,9: (0, 0, 255)
12,10: (219, 148, 88)
12,11: (0, 200, 0)
12,12: (0, 0, 255)
12,13: (0, 0, 255)
12,14: (0, 0, 255)
12,15: (219, 148, 88)
13,0: (0, 200, 0)
13,1: (200, 0, 0)
13,2: (0, 200, 0)
13,3: (0, 200, 0)
13,4: (0, 200, 0)
13,5: (0, 200, 0)
13,6: (0, 0, 255)
13,7: (0, 0, 255)
13,8: (0, 200, 0)
13,9: (0, 200, 0)
13,10: (219, 148, 88)
13,11: (0, 200, 0)
13,12: (0, 0, 255)
13,13: (235, 140, 52)
13,14: (0, 0, 255)
13,15: (219, 148, 88)
14,0: (235, 140, 52)
14,1: (0, 200, 0)
14,2: (219, 148, 88)
14,3: (0, 200, 0)
14,4: (0, 200, 0)
14,5: (0, 0, 255)
14,6: (219, 148, 88)
14,7: (0, 200, 0)
14,8: (0, 200, 0)
14,9: (219, 148, 88)
14,10: (0, 200, 0)
14,11: (0, 200, 0)
14,12: (0, 0, 255)
14,13: (0, 0, 255)
14,14: (235, 140, 52)
14,15: (219, 148, 88)
15,0: (0, 200, 0)
15,1: (0, 0, 255)
15,2: (219, 148, 88)
15,3: (0, 200, 0)
15,4: (0, 200, 0)
15,5: (0, 200, 0)
15,6: (0, 200, 0)
15,7: (0, 200, 0)
15,8: (200, 0, 0)
15,9: (0, 200, 0)
15,10: (0, 200, 0)
15,11: (0, 200, 0)
15,12: (0, 0, 255)
15,13: (0, 0, 255)
15,14: (0, 0, 255)
15,15: (0, 0, 255)
